2.281674187958468281e+01 4.592827351104163824e+01 2.613835515230907447e+01
5.108984968157806605e+01 7.968688408078151042e+00 3.763237166974355574e+01
2.413514652303434360e+01 1.349628179322677113e+01 2.079460825935449719e+01
4.789569795817571674e+01 3.357326070895496173e+01 2.887299443546385547e+01
2.896379737424873468e+01 2.519964968491270341e+01 4.256302013107729465e+01
8.600184212967660002e+00 3.531504948506530184e+01 4.002290597417842832e+01
2.643404374570276616e+01 7.062712186507237533e+00 3.840984699846900696e+01
4.356715095231369617e+01 1.672948048998481596e+01 2.204968772317457137e+01
2.109628852244241060e+01 4.762167899828861550e+01 4.378882073721452883e+01
3.218945452712489441e+01 3.016391777378263583e+01 2.196507869877664376e+01
1.075226858033552801e+01 3.370031854170942864e+01 2.282482731378039986e+01
4.698031890472375238e+01 2.301535836680880820e+01 4.142998406153346735e+01
1.931559021578861746e+01 2.401367979933265673e+01 3.041071025506612813e+01
3.462257542061273341e+01 3.662029016765535516e+01 3.483263375321193678e+01
3.846326228328361907e+01 1.365947477149156875e+01 3.645067840346200683e+01
1.132409863138738082e+01 4.755232374100663861e+01 3.306116618476095681e+01
2.171999312102552082e+01 3.497482481712746960e+01 3.772704412242171657e+01
5.332609448030570576e+01 2.153402216094420396e+01 3.015388203705162340e+01
5.137502078739555600e+01 8.473342259270408405e+00 2.533409078754659305e+01
2.267028597953249047e+01 3.501117574887224748e+01 2.581365342831733756e+01
2.210389013714313222e+01 1.768284226447702423e+01 3.869575034826558380e+01
3.330288336196563392e+01 1.513572408924088286e+01 2.624742106616163184e+01
1.667471352829981868e+01 5.449726462393374504e+01 2.636511544505395221e+01
4.338461927086224534e+01 3.210780892824276123e+01 3.811309168833711425e+01
4.452940686227859146e+01 2.707268302239436863e+01 2.163396711038282305e+01
1.749304062242282143e+01 5.481328312875473330e+01 3.661673550750684569e+01
1.137195864101291143e+01 4.340414758682477014e+01 2.426238325924966688e+01
2.447183076601726981e+01 2.428370355155886884e+01 2.162029621101284604e+01
2.594048440363995667e+01 4.367103042739791618e+01 3.497879349139284955e+01
6.341636340449341880e+00 3.661202613279928642e+01 3.071856927383964830e+01
4.717214554244627323e+01 1.480162743634471134e+01 3.255412904389580575e+01
3.764326781649390341e+01 2.237710823769338475e+01 4.240724293870829342e+01
3.887069114010481741e+01 3.442762710184980079e+01 2.708961644677552982e+01
5.223697677406910600e+01 2.886228743474950420e+01 3.537070097296658133e+01
1.896197435212166127e+01 4.769119600650054736e+01 1.820161902474654525e+01
1.405784121801674580e+01 3.041326552511841186e+01 3.380056244852115555e+01
3.632460374486118582e+01 2.241741859910168699e+01 2.050280213249246941e+01
2.607752865182233393e+01 1.063153342808212187e+01 2.887530475623598747e+01
3.184558552942478826e+01 1.620896807845527832e+01 4.113049493072634277e+01
3.540350659666763278e+01 3.031958979538422483e+01 4.044889832686844500e+01
3.089659374099922928e+01 3.713101805782988407e+01 2.704872538402828042e+01
4.608533408440163726e+01 1.369897627875151613e+01 4.112571760482051531e+01
1.447401662864209193e+01 4.118236159856189005e+01 4.027435851173980552e+01
2.180929835825381957e+01 2.579995685133507877e+01 3.849129956116038898e+01
5.165748545481601184e+01 2.762096692997516101e+01 2.537976643056386905e+01
5.135749460156272761e+01 1.586554260522362370e+01 2.286865399675624033e+01
2.254674937660679035e+01 1.773088272086338435e+01 2.708447096494882445e+01
5.228687195898322670e+01 1.821374025638728966e+01 3.714117717991940992e+01
4.116426520127028965e+01 1.360952584356352979e+01 2.844067579798632295e+01
2.959508023742053595e+01 1.930575290794033450e+01 2.031554508198407660e+01
2.125668784024343339e+01 5.056654821316760717e+01 3.223626572627932063e+01
3.001599352663401987e+01 1.488598814294611472e+01 3.307443915734420870e+01
1.873521116059188785e+01 4.004713281243929401e+01 2.266547064417586199e+01
1.522574497991921838e+01 4.809563471477255092e+01 3.889898100365351041e+01
2.792817206587945122e+01 3.162598902174877935e+01 3.999739895023459724e+01
2.836025902807597987e+01 8.267513279895513989e+00 2.271168270291483182e+01
1.545389115391247437e+01 3.115786524478752995e+01 2.690040862707773073e+01
4.481289648341287801e+01 9.044740392311901189e+00 2.471344695855604812e+01
4.455368137294442477e+01 9.677298945479485326e+00 3.577763668856640322e+01
4.974275194734012473e+01 2.211938731445133755e+01 2.258549382321929144e+01
9.289630599122400412e+00 4.194350273609020974e+01 3.553855044348610903e+01
3.823495026968084431e+01 2.848231556353098881e+01 2.178118912751787306e+01
2.655585409499371252e+01 1.324525314544516341e+01 4.274206901321625196e+01
2.696014456888319089e+01 4.191986141682043865e+01 2.851575736637715863e+01
1.298702767297203664e+01 4.959553121096591610e+01 2.715749289503281361e+01
4.102532246424475204e+01 3.470327472646144429e+01 3.286087154474088834e+01
4.120239708887110908e+01 1.743425904785228653e+01 4.129376157113991042e+01
1.562693643716575487e+01 3.292783518804962739e+01 3.914011488224481639e+01
2.632954365692825149e+01 1.943620520868312695e+01 4.269825475304794793e+01
2.418588266674564480e+01 1.406206135300928395e+01 3.445561041295616178e+01
2.781059093190163978e+01 3.637240741685519652e+01 3.642994034487766442e+01
4.820839697751768682e+01 2.859497312683258485e+01 3.983169046208529096e+01
3.118620922043497501e+01 1.030053461264897940e+01 3.711550124822389307e+01
2.202470882357581061e+01 2.827498209262757101e+01 2.515079314537726418e+01
5.178405990167613737e+01 1.480204938362825473e+01 2.852008978377703130e+01
3.763542806069402502e+01 1.634427485867875518e+01 2.266288838460439692e+01
2.186040430096158715e+01 4.044734865844679916e+01 3.946742353063373088e+01
1.729805768991348458e+01 4.953132883702262035e+01 2.340038062358645021e+01
7.704019497405933059e+00 3.824951807132514148e+01 2.440607295151498590e+01
3.606745208818735193e+01 1.278293705301592809e+01 3.069744074408830414e+01
4.043055658310104405e+01 2.719399141988578350e+01 4.153041064180939657e+01
2.135780461738870528e+01 4.775157051061551527e+01 3.707679906021272132e+01
8.062264548055544822e+00 3.278039465325515067e+01 3.440009027399698027e+01
1.650043896144890354e+01 3.499829966852720986e+01 2.284461097328140156e+01
4.238249996994596813e+01 2.201755201575407384e+01 2.109299429560189409e+01
4.819617766002875214e+01 3.272000529027036464e+01 3.555859234142042880e+01
3.036474941097062086e+01 1.401506372453457416e+01 2.151226474956953183e+01
2.643869922827487073e+01 3.049143819752614704e+01 2.279846101635595090e+01
2.025447962667855606e+01 2.992978508736625542e+01 3.525994494333025386e+01
5.475042397399153060e+01 2.674949023707964457e+01 3.082931801226295931e+01
2.250284268413550848e+01 1.881540552206154615e+01 3.255849076188104618e+01
9.782722661988987767e+00 4.363288155150425496e+01 2.994053112003856043e+01
2.320664097500281287e+01 1.919863356665111809e+01 2.168645732601936871e+01
2.240702073141019213e+01 1.121478910860398059e+01 2.528319166446860322e+01
3.241687809680131238e+01 3.414883239381545366e+01 3.877518544510782306e+01
2.380171729541073589e+01 3.980965572009485243e+01 2.441469301005826154e+01
5.227268452165440493e+01 1.331191157845118411e+01 3.863567374665855425e+01
4.617516022315098922e+01 1.098418022754699663e+01 2.925141899972948778e+01
1.025888744577444456e+01 3.119965427728369534e+01 3.007481912171098770e+01
1.581200300131460246e+01 5.148657170258091043e+01 3.315115107508216852e+01
3.846615454228167152e+01 3.322966039330517418e+01 3.747062897574585350e+01
4.323345071489452351e+01 3.262543117702441720e+01 2.524379142080262639e+01
3.189232571793348825e+01 2.539179095022448251e+01 2.030869186807634108e+01
2.688855336370091464e+01 9.880194191960841366e+00 3.423793871701786884e+01
5.183656839844435638e+01 3.065505664045847212e+01 2.968156914754278475e+01
1.775212078303162144e+01 3.750284383395656107e+01 4.057091811341243215e+01
1.791528066084152115e+01 4.469965631547441376e+01 4.149039075188670722e+01
4.950440793222969660e+01 1.822707928939214383e+01 4.114704544615668880e+01
3.124129006272610098e+01 1.068820597309626841e+01 2.578793876551335984e+01
2.613741302175456838e+01 1.581686761705174149e+01 2.973083778305874603e+01
5.249105042840132285e+01 2.434587240774416728e+01 3.711742384001944117e+01
5.126279946650950592e+01 1.242308314684162873e+01 3.399079923886993981e+01
4.815004874245418875e+01 3.077360415237716040e+01 2.459976516947175895e+01
4.737195871915940870e+01 9.185010594686211505e+00 4.042659196942875610e+01
1.803712888137532033e+01 3.022211039973045743e+01 3.107799893950378234e+01
2.055366224543952924e+01 4.427333200830148741e+01 2.185786371681635387e+01
6.527579467600488350e+00 3.716712095624624368e+01 3.533495953140734969e+01
2.299423468614794785e+01 9.745537923637483502e+00 3.999384185964735394e+01
4.289195778727275155e+01 1.426786208003630563e+01 3.784033060181147334e+01
1.171183352926502508e+01 3.909787236474602423e+01 2.230497291450255659e+01
3.155813677717744525e+01 2.052981363060010978e+01 4.268826193467938168e+01
4.834593508942708695e+01 1.043530225975750980e+01 2.213022453428138547e+01
2.074244570156428580e+01 2.217083648567742316e+01 3.593167299361611100e+01
2.150284502798611541e+01 2.180511743448240480e+01 2.531537948365250656e+01
3.573056244804023862e+01 3.645103701737462387e+01 2.967660615888103592e+01
3.597010358025454480e+01 1.818208950540100233e+01 4.206416278249717777e+01
5.234902118475726240e+01 1.952905966223527301e+01 2.621365742260944032e+01
2.393224087789054266e+01 3.077735999859265092e+01 3.809125407005826247e+01
2.797372841228496299e+01 3.769549108671970572e+01 3.213472570851126164e+01
2.756292031617789817e+01 3.481444771852293485e+01 2.513071432309447317e+01
2.926787334426372311e+01 9.392356956241160404e+00 4.102395056697574915e+01
3.479522870746879448e+01 3.310133514348053296e+01 2.401807589358065798e+01
1.978688804623411457e+01 3.164766916189885393e+01 2.726348383455790270e+01
1.990204335853856676e+01 5.036111275646504737e+01 2.681258811585955470e+01
4.285271661174567015e+01 2.166663224909659391e+01 4.187727643813241940e+01
2.519357415496410013e+01 2.687241787903508694e+01 4.115566148272520763e+01
5.098448829982491759e+01 1.774313697841527215e+01 3.161843620450403591e+01
1.344332197952448738e+01 3.603761901238493692e+01 4.123591168279674690e+01
1.921921180616253366e+01 4.966259814223278113e+01 4.032669315457011550e+01
2.527644761132598461e+01 7.496746645401239917e+00 2.563745034088355723e+01
1.136411734298858889e+01 4.445695941721382383e+01 3.825775411006105742e+01
2.431062060193897523e+01 4.769766260992170714e+01 3.239464751345920490e+01
2.798847312454597258e+01 2.710792144062315501e+01 2.088023010442100968e+01
4.306468965417585082e+01 1.377958913233000793e+01 3.215841798401952900e+01
4.338929603349460251e+01 3.451828415584683540e+01 2.895309180312124653e+01
3.470706377436387413e+01 1.495697328847506036e+01 3.757857104033023887e+01
3.602953374564285127e+01 2.661887415504809695e+01 4.204316853109434504e+01
9.112904728557506218e+00 3.235946996431502498e+01 2.629792623447825761e+01
2.289135489546059432e+01 1.425694828633506717e+01 4.129568998123292545e+01
5.026439912152088141e+01 1.114848613514189779e+01 2.945289193911073511e+01
2.913698458508610045e+01 1.340794178661794689e+01 2.843116947700043085e+01
4.594531933335241547e+01 3.453084476483612519e+01 3.229896309316876568e+01
4.388425070379507531e+01 1.318728344500151195e+01 2.399558918631677784e+01
2.285062102751564339e+01 4.416971979034757823e+01 3.816149329860181183e+01
1.404655177961652512e+01 4.639672697277681834e+01 2.394053269284498953e+01
4.750043568582199782e+01 1.432204420216191565e+01 2.154328021438799112e+01
3.715316890542429462e+01 1.401596692923468090e+01 2.615974807139662772e+01
3.478707040341881651e+01 1.874781775977013609e+01 2.083210098525875864e+01
4.724395755789755924e+01 6.980300321240964223e+00 3.689595881229652008e+01
5.310173126725149473e+01 2.440995031076867861e+01 2.720725738044953346e+01
2.535657793761068035e+01 4.557381625466931041e+01 2.915782433700683640e+01
2.804088277560906306e+01 2.307583663264691864e+01 2.044779392670178808e+01
2.614937194090920514e+01 1.702805672300526751e+01 2.021641738222389861e+01
1.708858636094984718e+01 4.835592798010919324e+01 4.336812226082376043e+01
1.935100118532812274e+01 2.617421836937556279e+01 3.368192353928664318e+01
5.293679828026549217e+01 2.117490684567738413e+01 3.468159337959325939e+01
4.659610069259448295e+01 2.009306167394007758e+01 2.148243710747986057e+01
5.087039175362555454e+01 2.174311881928195334e+01 3.952957629666236983e+01
5.241457885147892881e+01 1.220793354096176131e+01 2.559640038359088976e+01
1.313756942938544370e+01 4.961078627566723753e+01 3.581194576673209440e+01
3.220348954827149157e+01 3.744957065910271865e+01 3.087616990941985762e+01
2.673267636148219140e+01 3.809268781588735919e+01 2.842083371039306172e+01
9.929532975411605733e+00 3.887304993617082971e+01 4.018397776578957092e+01
4.700075856151907772e+01 7.665376618551496435e+00 2.767902690482574002e+01
1.759323516681495647e+01 5.187476986498744225e+01 2.933851421999180076e+01
3.911825674540246212e+01 2.500894959076770263e+01 2.077851453919160463e+01
2.141529099393916624e+01 4.787324325150876803e+01 2.195283482656085638e+01
3.246795130618155412e+01 1.434548132879239013e+01 2.975546013616966690e+01
3.374326510991306094e+01 1.377798876420192897e+01 3.338285779745707060e+01
3.970859504738278645e+01 1.947949833496209138e+01 2.103170920640181762e+01
8.621534834662872626e+00 4.086220651770689472e+01 2.682781086425722705e+01
1.493327527509403474e+01 4.085695615584118912e+01 2.255062134493683956e+01
8.260622202761526367e+00 4.072549937167856626e+01 3.223363655359072766e+01
4.970858171111748902e+01 3.288831148996772669e+01 3.195453975867307150e+01
1.133298418489435733e+01 4.644004332384830036e+01 2.636132035317328359e+01
6.684558070412064623e+00 3.584712709811543618e+01 2.691430768144820718e+01
1.701428375080916311e+01 4.531476511905106008e+01 2.217728992856460835e+01
1.208857361328415614e+01 3.262521615810369724e+01 3.981190447500186735e+01
3.163360723685622489e+01 1.303550398223540085e+01 3.942765926220349115e+01
2.550073937830948267e+01 4.095237270591658074e+01 3.729134004499017152e+01
2.006837322421648295e+01 2.608675892287551079e+01 2.757704227742080150e+01
1.667661894053578919e+01 5.148760357697806711e+01 3.767308723946946714e+01
4.801820264203890076e+01 2.642862892222441218e+01 2.213842092239292469e+01
4.486776866843605660e+01 1.705989992930559396e+01 4.131953163385172445e+01
4.980315418441108477e+01 1.319857536017985566e+01 4.121138934638696583e+01
3.858232140608745198e+01 1.569586669555897984e+01 3.964016837916253166e+01
3.035840308326347170e+01 3.337941893563169771e+01 2.351625477794912911e+01
4.570944737319263140e+01 2.350564035433219345e+01 2.133233461337970382e+01
2.508947263246026438e+01 9.273430138954903867e+00 2.185987224220114200e+01
4.545114669559717413e+01 2.693561105181621329e+01 4.126147977393479493e+01
4.023200627149623188e+01 1.525095560572606601e+01 2.498702211485272073e+01
3.154549887398781394e+01 2.750923900002978328e+01 4.207884489593646293e+01
3.949168066556381262e+01 3.015312376190590626e+01 3.993010245216919429e+01
3.981440693690406363e+01 1.275669344631305790e+01 3.291440753263034935e+01
1.826244018820244719e+01 3.229702110053688813e+01 3.687001116498512232e+01
2.204244581523647284e+01 1.494580324134768645e+01 2.511511548296752494e+01
3.472008582280162159e+01 2.725209794829242682e+01 2.087723978993972196e+01
1.954905930887708365e+01 3.486962243400363093e+01 2.433858611884871337e+01
4.871359072801291035e+01 1.747516643007268300e+01 2.153158112767792431e+01
2.849159247915937954e+01 8.559597110146775378e+00 2.779722129599617375e+01
4.187364746630839107e+01 3.034877528907516009e+01 2.318517152859038077e+01
1.879257966524506074e+01 5.252412979726847198e+01 3.453554368522900120e+01
3.715634859058776840e+01 3.587748633000825293e+01 3.265434511253854311e+01
4.472823273649579789e+01 1.410606888823003402e+01 2.927480331619831944e+01
1.402807330388919382e+01 3.037251180899950853e+01 3.045978784208287493e+01
2.223370260644783514e+01 1.475763775191885330e+01 3.705903173418799668e+01
1.888461561176729830e+01 4.193804043330626286e+01 3.990763889090672478e+01
5.094276735361702890e+01 2.671999460934090109e+01 3.884878981918292595e+01
1.312064626170559656e+01 3.190798943441651403e+01 2.429652519512162812e+01
3.371559372626770568e+01 3.573659796064439576e+01 2.571416113097295408e+01
2.737412952467066418e+01 4.199636566789773440e+01 3.250501282039871143e+01
1.632775579161665647e+01 4.815538737267664970e+01 2.056280555896761086e+01
2.283579085776703010e+01 3.161633856872652260e+01 2.604252912055168423e+01
1.522178890126811091e+01 4.470665945486113912e+01 3.961611846615993215e+01
7.383532133168793976e+00 3.351741823854341362e+01 3.103039574301345027e+01
2.295696388104772723e+01 4.311639952209613824e+01 2.447157664020603107e+01
4.524964737683058758e+01 3.015945025426514903e+01 2.324404278653019418e+01
2.277281055446255920e+01 2.018164264243633710e+01 4.067095797773537669e+01
3.202754562946945072e+01 1.717434889401763698e+01 2.153980736162997900e+01
3.194694373367230611e+01 1.493016220677048622e+01 3.586372548593286780e+01
3.464373464938687874e+01 2.375497186756666679e+01 4.268506529062827326e+01
3.539259460408047886e+01 3.031712820131093977e+01 2.245298024683242133e+01
4.674644165142512264e+01 1.171357875804864435e+01 3.342487078773869058e+01
3.138822671180555091e+01 3.647239307623554794e+01 3.679519298316666465e+01
1.390085743643729188e+01 3.097408194833709771e+01 3.695134929276173352e+01
1.195901890285529845e+01 4.903560866132238516e+01 3.029910207620950047e+01
2.741574447396709147e+01 1.385453952861960403e+01 2.029998498809306184e+01
3.551065438899055238e+01 3.430735334301996176e+01 3.784317655704384720e+01
2.921671736300244859e+01 1.226531970008987926e+01 3.465688679416542328e+01
9.061937565565985508e+00 3.240340850189892308e+01 3.737386379131975644e+01
5.070616914637368211e+01 9.902749353319736159e+00 4.008932670803064724e+01
1.095028276328243244e+01 3.086437419451008424e+01 3.368808304499716400e+01
7.471056834990889683e+00 3.798697688902846892e+01 3.820978024856054134e+01
5.003299107460734518e+01 8.270277224151698192e+00 2.824259220021285088e+01
3.261098727284687016e+01 2.234790528577363844e+01 2.026408655721942864e+01
2.887548719158272803e+01 1.125816457884410582e+01 2.123571747465584281e+01
4.285161260673972095e+01 3.385361236042467681e+01 3.558503716177681042e+01
2.186314080270570059e+01 4.591829249248389999e+01 4.132112362655505677e+01
4.674779690690975542e+01 1.957553436163345140e+01 4.149627633680603367e+01
2.860259623035626575e+01 7.663899925235504895e+00 3.629783559265218429e+01
2.656942841042248560e+01 2.006785312030221391e+01 2.034598307890746938e+01
1.242592335089960898e+01 3.615394875877822756e+01 2.179809784533302874e+01
4.937775931583236400e+01 3.041404086217958991e+01 3.765218171217678389e+01
9.091864745498543954e+00 3.628127727399140667e+01 2.251245551805822487e+01
2.375020447705129811e+01 2.419259266235920336e+01 4.086439802108358776e+01
5.413042196133950057e+01 2.690499489800377830e+01 3.381420178275340760e+01
5.044620902949895225e+01 2.499573282434848664e+01 2.330894899738710890e+01
2.152314698243526792e+01 2.034274906023068752e+01 2.827609602734272443e+01
3.822897175228263933e+01 3.263315281952540658e+01 2.471825410482282592e+01
2.560347536874840202e+01 8.766002096200278260e+00 4.120426365909249711e+01
2.158336165092584480e+01 4.970906160787970407e+01 2.924727198998145639e+01
1.716769873342708408e+01 3.103555065498818522e+01 3.434928005504644233e+01
1.239220332069058017e+01 3.073958059663635822e+01 2.794814219992876403e+01
4.168542502715489917e+01 2.444390636404628481e+01 4.202600273864868541e+01
1.581169293365475070e+01 5.045205801240196308e+01 2.585079481032197890e+01
5.335615718589833278e+01 2.754944410014776679e+01 2.829378064176035679e+01
2.243200245876523269e+01 1.610268436543871218e+01 2.238675870174281002e+01
2.936251436365618162e+01 1.404214411559192577e+01 4.212041245164626702e+01
4.643316246963387783e+01 3.077043656021963969e+01 3.882992187462307498e+01
4.833025966160801801e+01 1.361863002081283724e+01 3.007916407545720006e+01
2.141776615503217229e+01 3.714738304981230499e+01 2.392812274403678074e+01
1.028497309812142113e+01 4.457413602781846151e+01 3.457247903128782696e+01
1.228199765805694099e+01 4.722035919745789556e+01 3.769962064466103868e+01
3.418534649071062148e+01 1.604855883042303333e+01 2.358024540188597484e+01
2.498072155058900279e+01 1.581875032701461414e+01 4.267702801322277395e+01
4.241708680294838274e+01 2.978982411705093369e+01 4.002157886393142405e+01
3.100673003576531883e+01 3.743553333073770517e+01 3.357083850099466815e+01
2.174119865126654005e+01 2.237031993190922208e+01 3.869385425027617487e+01
1.972620120613237660e+01 2.885841807146812954e+01 2.847129087915112677e+01
1.883257765636037817e+01 5.264734799370454965e+01 2.537634449235071799e+01
2.666274525770989712e+01 3.857106052663290541e+01 3.492662384390429509e+01
2.824722562359905709e+01 3.411817283617082097e+01 3.854960371603135627e+01
2.919915975706217992e+01 2.231393419788649624e+01 4.269463568734394698e+01
5.098991341541776023e+01 3.125600456090198875e+01 3.434589114807694443e+01
2.574289826019905192e+01 3.264187829752866321e+01 2.463328769159175380e+01
2.392953828694312435e+01 1.764268944167988806e+01 2.997304893749041810e+01
5.231811663401443013e+01 1.039042013319094160e+01 3.669043806127874063e+01
4.756794774666252579e+01 1.614754352552830241e+01 4.156686363336574885e+01
2.039196944020234881e+01 4.920313280261734690e+01 2.424992098009742136e+01
2.286414228984723707e+01 2.208416609083671034e+01 2.241525898074617018e+01
4.417287729385038375e+01 1.217224384906042189e+01 2.728401784107271766e+01
3.176257483880875654e+01 3.177649591091449466e+01 4.016005221035731410e+01
2.120201463109018647e+01 3.770281003776342743e+01 3.946731158166964804e+01
2.395469571471205228e+01 3.663757269302713837e+01 3.727317406525713039e+01
2.491396161527531561e+01 3.660060072247814134e+01 2.644705355794975077e+01
1.322975188178944528e+01 5.052823302319286825e+01 3.255768150233962643e+01
1.999747309799668216e+01 5.028435915754416641e+01 3.572841761472160016e+01
2.408980069257054168e+01 4.575860736335910417e+01 3.525131125501736307e+01
2.192825480182631281e+01 3.182296960775916972e+01 3.645045891265255023e+01
2.205693858215632730e+01 1.916557494052876720e+01 2.459068127697258888e+01
4.185470625149166324e+01 2.541813768229785353e+01 2.107882898007746064e+01
5.181860988764021414e+01 1.659322862341537075e+01 3.934399700795945876e+01
2.228839539421246485e+01 2.584763636804677844e+01 2.383893216282503147e+01
5.216498847048704590e+01 1.749344226323202989e+01 3.447508337143273138e+01
4.515138165152578864e+01 1.075342087130953317e+01 3.994756410674649771e+01
1.491731340217216939e+01 4.352744924638092527e+01 2.324414860663091886e+01
3.865918869084823939e+01 2.519631690372784405e+01 4.219009046123192519e+01
3.012588810958038721e+01 1.791993065419791265e+01 4.242248175391623732e+01
2.835090953407788206e+01 7.370477630166181626e+00 2.530702307970214804e+01
2.058458085513182922e+01 2.121826142188131925e+01 3.336493210887945793e+01
2.355200161375236689e+01 4.763090306066136748e+01 2.918890906557995635e+01
1.868376276350246101e+01 2.754707225238836088e+01 3.141175072798621670e+01
4.110327555207602046e+01 1.370274626893426273e+01 3.513106481480001264e+01
5.091119692897181181e+01 1.015040646962384763e+01 2.301629340263402312e+01
5.195808680327628792e+01 2.335576000351469972e+01 2.497188611858813090e+01
3.866798083603772795e+01 1.853545383586439499e+01 4.195149739455591487e+01
4.698919269178823299e+01 7.433510738686077701e+00 2.496119694315466120e+01
2.544311791444707183e+01 4.261612940029051799e+01 2.637394250331283274e+01
1.499043933667162420e+01 5.149380537584224271e+01 3.056615785675666430e+01
5.210140255045847368e+01 1.473813347860769696e+01 3.512817693705507338e+01
3.196785673350611034e+01 2.416455854671331593e+01 4.279075256188663445e+01
2.045484724237840268e+01 2.684666879772893111e+01 3.605758245796474881e+01
2.007279898261456097e+01 4.482729002977501409e+01 4.311379750279483858e+01
2.449204737817902355e+01 1.663824694011358574e+01 3.376341242644087970e+01
4.387522616619032334e+01 1.220261480224487372e+01 3.644790682652414660e+01
4.980494258150157805e+01 1.515402660962555004e+01 3.288547773227834625e+01
5.234055220259909902e+01 1.564568805350507219e+01 2.533730877848223173e+01
4.839960480232031159e+01 2.611042589820010562e+01 4.074598094102975665e+01
6.646421379780862893e+00 3.817486317964894482e+01 2.859511645343189201e+01
7.898130866139377204e+00 3.407267322382326569e+01 2.468801165319967339e+01
1.630354574109534838e+01 3.529583363360790571e+01 4.044707866562814758e+01
1.521025281839401089e+01 3.829956330742481896e+01 2.206253809950889178e+01
2.309535389391042770e+01 1.151123250893547478e+01 2.213668923941602173e+01
2.477696379061313792e+01 8.815225062757859220e+00 3.533442330557372202e+01
3.678038142287314827e+01 1.271105163592481802e+01 3.320319375996689359e+01
1.360064485570715753e+01 3.398851135138457380e+01 2.264129592689617709e+01
2.032770044907395501e+01 4.218712669879079158e+01 2.339356797964639156e+01
2.379505227789255883e+01 2.840621674336764002e+01 2.326944918571798837e+01
4.599208433014684516e+01 3.353571990712738682e+01 2.714121164192933833e+01
5.406088470300535676e+01 2.431995332521741204e+01 3.035167317014673216e+01
4.302707619682051643e+01 1.438428695022992443e+01 2.665233477646540905e+01
4.298362046784906454e+01 1.952907118351169657e+01 2.129488461861457083e+01
2.321499530358708441e+01 8.827317327634174760e+00 3.760917240787762239e+01
3.490408326589730592e+01 2.046045073938169878e+01 4.255478776482830483e+01
4.912905542443684226e+01 1.078068788020279811e+01 3.331228288525223746e+01
4.499906254633117442e+01 1.357136815372811611e+01 3.382376671097653542e+01
4.090650753277899554e+01 2.000332151351008036e+01 4.192990996204829912e+01
3.670257169499283378e+01 3.444235446128065803e+01 2.573613830116299894e+01
1.150781851396158828e+01 4.210966335386079606e+01 3.925329405038978337e+01
2.878898264917743077e+01 3.147036063688248575e+01 2.260248523502262685e+01
2.179220182954997043e+01 1.988661168105142707e+01 3.517254612337193009e+01
7.455634462578881738e+00 3.432003765811863616e+01 3.778112046732880458e+01
2.771265885306713983e+01 1.726475556123959976e+01 4.278288963839695924e+01
1.907537709370107137e+01 5.298702867152072571e+01 3.735245905853714987e+01
3.621748950957083224e+01 2.524850126630888525e+01 2.058784612782683965e+01
4.527988034881826707e+01 3.343370465725313068e+01 3.605357958665989315e+01
4.205670689198159806e+01 2.783007608171260827e+01 2.172789675818492938e+01
4.355550592965292367e+01 1.927541101176792182e+01 4.167898460885758993e+01
4.036632607772526882e+01 3.408882801527002471e+01 3.552649455908688481e+01
3.987269341320224214e+01 3.498536342198059401e+01 3.066574338064686600e+01
3.348854842324747949e+01 3.699236693662541597e+01 2.785451621290770774e+01
3.122447479603337683e+01 1.433228649977151292e+01 2.736084747536216710e+01
5.113888802064099082e+01 9.742060205732011369e+00 3.459555706741294756e+01
5.226852722963581499e+01 2.127430346951194551e+01 3.753393801252519779e+01
1.967861431528940841e+01 3.575459217904460019e+01 3.931899041399904604e+01
2.651968353699036385e+01 1.348703660340731147e+01 3.388524358895043065e+01
5.299568682044306200e+01 2.648363863039821808e+01 3.596318836472504898e+01
1.920338282771960792e+01 5.298962419493597054e+01 2.778853820234720828e+01
5.188385133183711417e+01 1.340257876446789531e+01 2.350738668958233646e+01
3.753718348387471337e+01 3.162518440850249490e+01 3.909326275224339042e+01
1.601487648237376149e+01 5.268950159670535527e+01 3.562769162165388082e+01
1.081596917815058312e+01 4.658918072277341338e+01 3.086402793154914903e+01
2.030629499904048529e+01 4.587293267570298383e+01 1.914699165722437613e+01
2.405501518731447064e+01 1.528655240074838240e+01 2.855639603988639053e+01
2.370941897987701807e+01 3.390233245813585938e+01 3.679922354168911625e+01
4.311182732090062331e+01 1.568833724198219315e+01 4.032412928177083700e+01
3.605682746628778546e+01 1.338667800546808273e+01 2.824237018414806855e+01
4.818693073689311035e+01 2.882139634086797031e+01 2.314785082967096841e+01
4.038876634826971213e+01 3.185736456495271085e+01 3.844733366885755288e+01
2.550941305493247313e+01 2.221637954328813080e+01 2.075223079081744260e+01
7.979918307520181386e+00 3.292174162018626760e+01 2.875216593674174703e+01
2.568954704509298992e+01 3.997797038675676617e+01 2.592635617598253717e+01
4.342405118190239932e+01 3.462405981114621056e+01 3.316996523285108367e+01
1.780090932122914182e+01 4.591692912121609993e+01 1.997444261787294550e+01
1.815517583295777015e+01 4.996145463508912599e+01 2.118387415196964341e+01
1.593996838061620380e+01 3.932674023299426835e+01 4.075875530343603259e+01
2.600722122441727890e+01 4.550712774629857904e+01 3.147575684406014673e+01
1.043993480695266385e+01 3.650217267098057050e+01 4.102564025983571128e+01
4.883273350681472635e+01 7.470404470427342680e+00 3.515561624118076622e+01
2.919551217237622609e+01 9.763209333942782564e+00 3.489193485296604536e+01
3.246588624779445098e+01 3.226433851197244707e+01 2.307235270762273416e+01
2.411841520778367709e+01 8.936077407509975146e+00 2.714690860986663523e+01
2.716900715013075285e+01 2.365811173017308633e+01 4.238276276575117407e+01
4.960903186174257229e+01 1.327860408602396802e+01 2.174026570008272685e+01
2.012997571635316163e+01 2.242414430240099676e+01 2.887136055644447907e+01
4.498200975485526953e+01 1.130444380764538259e+01 2.309751666983955332e+01
5.356332441909459874e+01 2.220817823676314973e+01 3.266256994743287123e+01
3.240440191592756491e+01 2.766510508482249975e+01 2.090988906134215597e+01
5.144332131762853777e+01 1.697430275597158200e+01 2.944487913975253335e+01
6.433379878075415448e+00 3.580277505146545991e+01 3.343036358420678766e+01
4.467751391083409374e+01 2.322077490086575580e+01 4.180097053475186186e+01
2.513935254158490196e+01 1.277588394508286385e+01 2.888529825655617600e+01
1.897845929720968883e+01 2.912713143509241576e+01 3.347059196063997177e+01
2.829573584632652938e+01 1.611547837337841571e+01 2.039645807915346509e+01
4.277000313544716192e+01 2.778740408926332250e+01 4.116885722319004515e+01
2.441597076340383765e+01 2.130845356269157875e+01 4.188712219589302066e+01
1.590247767239248233e+01 4.743314590432761690e+01 4.160200980813737459e+01
2.965066458686041884e+01 3.580394172500096772e+01 2.530297163315157505e+01
3.392677534297530428e+01 2.428377110422061236e+01 2.028647920089238355e+01
2.128103468225718942e+01 2.978345137205752735e+01 2.674376561628437443e+01
3.061973654190284932e+01 8.979768278395972914e+00 3.919039773629803847e+01
2.842369572284052026e+01 7.648081968569357514e+00 3.977927081588556746e+01
1.605224138043030280e+01 3.172064620298105098e+01 3.725109323967380703e+01
1.914952250661894695e+01 5.139485298838840066e+01 3.258656390281131365e+01
1.806331169388911917e+01 3.367317564055663581e+01 3.867444897270480908e+01
3.035919724452330115e+01 3.498857931834398727e+01 3.827538768216189169e+01
2.414531550616637645e+01 1.577046895706597596e+01 2.068074853530811197e+01
1.840686010633665504e+01 4.337243409616009160e+01 2.314875783517585006e+01
2.619155811734003692e+01 1.069631405854990192e+01 4.223515329245398675e+01
4.815166940904425985e+01 3.219438358868150374e+01 2.635914252937550017e+01
1.644025069710821185e+01 3.095023024393164235e+01 2.891991093369015431e+01
1.730239798744762325e+01 3.349597867617366376e+01 2.432527825731866855e+01
2.900374047780820419e+01 3.740295406645878984e+01 2.824054739097652700e+01
1.118706208266874214e+01 4.703643672163468636e+01 2.869422818249971030e+01
4.569478086673412776e+01 8.521278579514550700e+00 3.908785029431682290e+01
4.975849205731178415e+01 3.239103979157762581e+01 2.846436900358688149e+01
3.046009125211224600e+01 2.891784197570915538e+01 2.127887506436788811e+01
1.193055046143638620e+01 4.153009803809439404e+01 2.317619092934241110e+01
4.947990776715717942e+01 1.995872915067951325e+01 2.206941869670454182e+01
2.163621782492732137e+01 4.734550188779889623e+01 2.427563445364242511e+01
5.432194641343443209e+01 2.493039105062556260e+01 3.278722492585733050e+01
4.028414449174562861e+01 2.271349409443295286e+01 4.216954273950327092e+01
2.091896207965791632e+01 2.391388012220505743e+01 3.730791151183103693e+01
3.091362827896888277e+01 1.226837973302529861e+01 3.610934487937865356e+01
4.838114077711937000e+01 8.451756168624260823e+00 2.312782990247631432e+01
5.173101034397610931e+01 1.959466073160612964e+01 3.888172276630091062e+01
3.039456292044631169e+01 2.226135197106518504e+01 2.024539592239560903e+01
3.374890094534056573e+01 2.771296091331381106e+01 4.192606976948871988e+01
2.296202085537215254e+01 1.803642116455384681e+01 4.119131553100186238e+01
3.046455101608293958e+01 8.655228852118675320e+00 2.538294667697002893e+01
1.509935102434725529e+01 5.033922560201190777e+01 3.653322324676622657e+01
3.408519613256193992e+01 3.193363914276276461e+01 3.970398889773024109e+01
2.628765431178136680e+01 3.491466208677479699e+01 3.708386945866931939e+01
2.493505587335530294e+01 1.089057278973844234e+01 3.436549388606538713e+01
2.664129059405909672e+01 4.368156130762550049e+01 2.979883805282135967e+01
2.304869965646666685e+01 9.695657456527431606e+00 2.337378576662263185e+01
3.687940428793989156e+01 3.495041181889433091e+01 3.625174246709887882e+01
3.972336871978389183e+01 2.166720465575098586e+01 2.085388188401832110e+01
1.522236888114634290e+01 3.251489087678470469e+01 2.445267356556394844e+01
4.142145418733509388e+01 3.428700584653617511e+01 2.801534897089210574e+01
3.775882851624329106e+01 3.562498947393231674e+01 2.961328006654641243e+01
3.447143203071971840e+01 1.685883291349166768e+01 4.117808714957645577e+01
5.055485937681004316e+01 2.950718324719012031e+01 2.546318300410867153e+01
4.776081369181840586e+01 2.291121173363620045e+01 2.179844924544405771e+01
1.883203418110446137e+01 3.295988798818950727e+01 2.578705761981988687e+01
4.618956882030040134e+01 3.216377379172309503e+01 2.540478060771641111e+01
3.193355780332953486e+01 2.028105490427181579e+01 2.040538143155981743e+01
2.674630369573572608e+01 4.068999279711386663e+01 3.539735462597484172e+01
3.743761186025640342e+01 2.957052475398173286e+01 4.056447539249944612e+01
4.481022153292801136e+01 1.497986830137297076e+01 2.233361249440813978e+01
3.671499663437951710e+01 1.787370528930271973e+01 2.127753813910406322e+01
2.995190706733511732e+01 1.501818851068706451e+01 2.962071019532982419e+01
7.278417776228147673e+00 3.613083783813038252e+01 2.442313441352680314e+01
1.257879972763777587e+01 4.757907631014782623e+01 2.501751982415110120e+01
2.315041508220902955e+01 4.905935188188810514e+01 3.075527277276000149e+01
2.615267574412699503e+01 2.788495833332194351e+01 2.169463721305399062e+01
2.397616072295846124e+01 2.812122272346017127e+01 3.989531102789325701e+01
5.256109817261134509e+01 1.967050051984650239e+01 2.939779527776757817e+01
2.163997391035835705e+01 1.976579085000182090e+01 3.034502489255178048e+01
2.440546363254399509e+01 3.096971311177999553e+01 2.449734891894178901e+01
2.878183056377169891e+01 1.058463790208345578e+01 2.843551326985938132e+01
9.753706411772611773e+00 4.265240211332908160e+01 2.651334135773961975e+01
3.939695013564469406e+01 1.359579717902927243e+01 2.723456384873213665e+01
1.528928935575664383e+01 3.730438350118326696e+01 4.100669167524518599e+01
4.946852729391608250e+01 7.525924093661611636e+00 2.471206308812780961e+01
2.278746164172735433e+01 1.221337164688199017e+01 4.070068173506078324e+01
3.005900060812671626e+01 3.323566098139573199e+01 3.943336065795625700e+01
2.228485972513137625e+01 2.979471363723099842e+01 3.719329902216863815e+01
2.323849657491654597e+01 4.744668336935085051e+01 3.430607310010641697e+01
1.959787309793600230e+01 2.412302383745728918e+01 3.412522444080580897e+01
1.361322265814824561e+01 4.334092598923415096e+01 3.960235604050775038e+01
3.022783695031654361e+01 3.050072509614054184e+01 4.083197578951021001e+01
4.048475802440475491e+01 1.764105427730300235e+01 2.169963078149349300e+01
4.005929385156274236e+01 1.271485075875997950e+01 3.082500324736135511e+01
2.275364456664147639e+01 4.912641065567267162e+01 3.281678428359958843e+01
2.094298260478279161e+01 4.885435654997669275e+01 2.015834767584599163e+01
5.002733570736872082e+01 2.811800751447781366e+01 2.387107445061238664e+01
1.345561015788423020e+01 4.569557281915459868e+01 3.906443655494351930e+01
4.802536812768592256e+01 7.325399931474371407e+00 3.881060510059197100e+01
9.432067449914603330e+00 3.321075699663074232e+01 3.927202350082019677e+01
3.239661636710246739e+01 2.994920999019274888e+01 4.095998776321550849e+01
2.514050121251881009e+01 3.456266359950558353e+01 2.603414487496743490e+01
2.953461415592960293e+01 3.762292447370113280e+01 3.074465189332605064e+01
2.700628537531583362e+01 1.036184088444293927e+01 2.102745911615544472e+01
4.088741801604373904e+01 1.608651521152699360e+01 2.319494400449838167e+01
1.261290276439700442e+01 3.041384377806742378e+01 3.198613379257173150e+01
2.797321369635007215e+01 1.525510887432004559e+01 3.295727247444990127e+01
3.242621750025100624e+01 1.472120349842190734e+01 3.787223706072434481e+01
3.099444469498682153e+01 1.021241190484841077e+01 2.378526371611693691e+01
1.427951831581734154e+01 4.914058853350867651e+01 2.537365768397549814e+01
8.172912410778874204e+00 4.020342230409681861e+01 3.565659973524781634e+01
2.150989832916746280e+01 4.740946996160958093e+01 3.993106190976422454e+01
2.378047088512980167e+01 3.774515338529907638e+01 2.515395713902891828e+01
5.148288744953965335e+01 1.265814399140357693e+01 2.874490640831039201e+01
5.299871122585706473e+01 2.925901519399038619e+01 3.064615235166853324e+01
1.896530601106282887e+01 3.913882279085433424e+01 4.032350388184632095e+01
3.746679915915360937e+01 2.072345357197776750e+01 2.068156240893146247e+01
1.954957154426747223e+01 5.129616932869885204e+01 2.922044658349833668e+01
1.721552560979163005e+01 5.337729493280031079e+01 3.822418511399311569e+01
2.560887501388408438e+01 3.703370615105733776e+01 3.615964343451086904e+01
1.183513535669474770e+01 3.117933765569554438e+01 2.604836125835402072e+01
4.393871680484290465e+01 1.102288148159066949e+01 3.809622536522253000e+01
