2.430167504903810283e+01 1.652964895273883883e+01 4.240387833377398863e+01
4.571172157444084405e+01 1.123322892908821302e+01 3.398511273736887972e+01
9.323091075342013312e+00 4.218871253211994343e+01 3.483659410463674533e+01
2.345569489610739922e+01 2.584670363278526395e+01 4.035315689541823048e+01
1.091162198235419112e+01 4.669617299356500695e+01 3.282470655116343039e+01
2.195752310636141758e+01 2.061253193501276471e+01 3.883671157994523071e+01
2.212947405719754457e+01 2.646169536237131226e+01 2.419070058172822257e+01
3.879726800409269316e+01 2.622561956053090881e+01 4.195300682201431641e+01
1.379332332392458937e+01 3.031449878699840639e+01 3.200944289590642455e+01
2.004511505792965309e+01 4.480710591288507771e+01 4.309528422143014836e+01
2.910690389276168943e+01 2.651934284202246772e+01 4.238055540496538498e+01
2.060457691835406635e+01 2.516933005864485295e+01 3.664541338247177293e+01
1.432247191805885578e+01 3.701171686793033899e+01 4.118552824017707081e+01
1.960288371893885184e+01 3.433566731238850167e+01 3.839494016382782604e+01
5.236521800211808397e+01 1.895436621564413571e+01 2.647913521987769059e+01
3.995770427486676368e+01 3.138061642675734575e+01 3.890437091318317187e+01
3.814983630251677482e+01 1.323708616302055674e+01 2.769196937043420803e+01
4.880555948581927339e+01 9.085531259173764695e+00 2.270813308623650784e+01
4.450672484816021068e+01 2.902965308683373991e+01 2.244880234339759184e+01
2.529135399833318587e+01 2.115869584260128278e+01 2.067913912544553057e+01
2.293634187336966335e+01 3.984006932395062250e+01 2.395620739677776356e+01
5.215034396454534260e+01 2.746994300864055560e+01 3.690555227998709142e+01
1.994607345680971378e+01 3.890204436053437576e+01 2.289178893854657915e+01
2.799090391054770777e+01 2.889196970101613715e+01 2.151596404669474794e+01
3.034679852954254997e+01 2.207386033067831121e+01 2.025290391976251314e+01
5.275758616207203033e+01 2.882954817219002308e+01 2.865064901243638928e+01
3.930362360646300601e+01 1.526961998534661547e+01 2.478708161611613292e+01
4.174022056916875556e+01 1.324533106882938505e+01 3.193240685605182705e+01
3.816939083603545413e+01 1.679624691711505591e+01 2.212581478014766745e+01
2.880475354236307339e+01 8.349858064028108373e+00 4.051711233104105503e+01
4.612437371630184657e+01 1.088816468829985773e+01 4.066769655772061043e+01
5.218669271387138053e+01 2.105665497025423605e+01 2.537998494783015957e+01
2.646027644000665191e+01 3.887494596688830484e+01 2.758880389196804117e+01
3.276097590129531056e+01 2.990690785510850347e+01 4.096399299422454732e+01
1.749102853517355882e+01 4.997721888615465957e+01 2.512091073970933763e+01
4.828391008377110438e+01 1.071196412132389142e+01 3.327455543398248494e+01
2.422448466151283597e+01 9.851947627016745201e+00 2.187069856286214531e+01
5.295603880381368356e+01 2.331811640501507554e+01 2.701999168194022261e+01
3.380849365403421558e+01 1.767349036651331673e+01 4.177473369923900748e+01
1.000572450205463326e+01 3.220118902724912147e+01 3.834321806720053871e+01
2.584786689579836505e+01 3.973288686156956118e+01 2.620260242507474047e+01
1.619690733806602623e+01 3.721210848208237110e+01 2.214601858404231294e+01
4.488047743431317826e+01 3.376909851974852472e+01 3.548694363781191896e+01
2.455868946116784457e+01 7.673248312756721035e+00 3.847089672093416368e+01
4.607495999303151279e+01 1.846905776422419621e+01 2.144816268788640912e+01
4.997142132894132516e+01 7.918770078345978014e+00 2.789014471175959642e+01
3.558642788570390536e+01 3.602364934113281691e+01 2.724987572179900042e+01
2.573117275221213873e+01 4.486566847973299588e+01 3.393514173800502931e+01
1.213447853376927554e+01 3.084641509561053141e+01 2.751881158353869949e+01
2.534008626018007959e+01 4.436322698112892482e+01 2.768207080222817495e+01
5.063524173825107511e+01 7.766733053107332196e+00 2.617180831723413803e+01
2.250344638691493060e+01 1.455616709180523749e+01 2.658746954119925832e+01
1.158919088334111258e+01 3.249760937243063808e+01 3.956906816837994967e+01
4.636970141054239747e+01 1.445516095975630932e+01 3.033793129452113391e+01
1.139702782078401455e+01 3.999653650955237794e+01 4.015911798564665958e+01
2.921246493452065351e+01 1.262374648234371222e+01 2.834407025370411048e+01
3.076118883130725479e+01 3.387755501903660615e+01 2.379698873776414558e+01
2.233304378516645272e+01 3.061737205837063414e+01 2.607523226112513726e+01
1.692613362169347369e+01 4.937654636565612520e+01 2.350025916206569221e+01
4.091750667240357586e+01 1.610302915637958421e+01 4.018667261885062914e+01
4.556437668677776287e+01 1.215444992317730133e+01 4.067112270626780912e+01
2.442469966027725548e+01 2.651759174053987067e+01 4.083535326089234729e+01
1.864847082053638871e+01 3.214325894067167155e+01 3.648472917463869436e+01
4.712448243394032943e+01 3.303637165421585564e+01 2.694995320737893252e+01
3.212994991443274984e+01 1.940864529120610626e+01 2.060638696114100910e+01
7.644841578462473031e+00 3.410621429508024960e+01 3.808990406392133110e+01
2.418905547038279380e+01 9.839459237625959531e+00 2.772687932339224659e+01
5.457943922712740914e+01 2.543189713195249979e+01 3.233961815224765246e+01
4.173627257914530730e+01 2.078625488385673847e+01 2.111819575864267406e+01
6.531578722794391112e+00 3.607008826656329603e+01 3.531840744448786040e+01
3.198049844649369788e+01 2.301975981210999578e+01 4.281178962676040101e+01
1.909728848919994348e+01 5.186809590925435032e+01 3.438285469739719247e+01
8.746346737712768160e+00 4.064425325738187667e+01 3.684883877025356469e+01
3.719195873037241284e+01 1.372517715502894653e+01 2.672147024366172730e+01
4.299652190563477205e+01 2.755903688367313009e+01 4.124365522213180668e+01
2.089522129785926907e+01 3.426408026434968690e+01 2.551635321848859306e+01
2.344377736210976337e+01 3.786077298712064731e+01 3.824520245556600884e+01
2.391784918061663490e+01 2.551488327648590371e+01 2.218851269855100838e+01
4.296283106608660773e+01 1.401856295698238952e+01 2.946724554053090372e+01
5.130617162322650415e+01 1.252928545127607585e+01 2.277380885567527713e+01
1.146693888434809239e+01 4.436830080960571365e+01 3.838282087080388294e+01
2.780872712077979614e+01 2.395440321085575164e+01 2.052932040503280220e+01
2.187933704274006530e+01 1.998586264714523608e+01 3.796982673318958490e+01
3.169224211687232895e+01 1.259124686439857754e+01 3.878611353472166456e+01
2.146226374303602213e+01 4.749611004005463855e+01 3.773286220676472880e+01
1.482886019274127776e+01 3.068493693760625263e+01 2.836302065555391749e+01
2.136759082987997971e+01 4.762486195374085440e+01 1.942043279539405276e+01
8.763968004208368967e+00 3.257429018846497826e+01 3.721458738662980892e+01
5.101261022822753688e+01 8.892817662709946447e+00 3.916577965854347099e+01
3.250044989488962699e+01 1.651071857752252470e+01 2.221094760341672014e+01
5.055696498471938582e+01 9.964965287530963778e+00 2.893515199464572873e+01
3.339478762856953153e+01 1.463963782976330208e+01 2.747278078740543350e+01
4.548946656959040524e+01 1.196909712517961388e+01 2.253649760255260048e+01
2.356031982573137284e+01 4.602277417932788239e+01 2.729407050816423563e+01
2.968755996971987088e+01 3.729847813392274247e+01 2.784595733576367138e+01
4.983258041622325152e+01 2.176738705469719903e+01 4.035205499137414620e+01
1.021340270729219668e+01 4.023934540141112848e+01 3.943195916319752570e+01
5.233433038735407905e+01 1.445725475623850897e+01 2.475337360675104392e+01
1.971299463960479414e+01 2.786044962824108495e+01 2.846587517237463061e+01
2.361852222776829180e+01 4.457047480242160731e+01 2.577719781124424259e+01
1.286720617590739124e+01 4.976982123492282284e+01 2.773668920013965788e+01
9.545656564789258169e+00 4.300276045589232154e+01 3.074697665702003491e+01
3.819372004829797618e+01 1.869474482890076317e+01 4.204017061274506517e+01
6.506060805199050279e+00 3.537469939354305382e+01 3.150800923733373793e+01
3.854099641019331557e+01 3.173877902373804005e+01 2.403634335305180869e+01
1.216581096328454947e+01 3.235679122906987004e+01 2.374522369154528789e+01
5.128547539328447158e+01 2.203140799374921954e+01 3.902665726607817476e+01
1.628038931726113958e+01 4.804666610597422505e+01 4.233236114807211692e+01
2.134822949564336625e+01 4.795737482403792740e+01 2.502023449095184660e+01
3.449457891626473582e+01 3.696252990261608318e+01 3.109853724946389875e+01
5.255023869661516045e+01 1.936536882321740194e+01 3.429490294621707136e+01
4.373160370285077647e+01 3.418221385835335013e+01 3.482068325006788001e+01
2.419537714007598339e+01 1.496126310718795338e+01 2.858084057833176317e+01
3.849295402817865863e+01 1.255513204270278926e+01 3.052487702198547126e+01
2.185855254206251885e+01 4.677671942101613922e+01 2.319455014465085796e+01
7.253931845255229938e+00 3.928744846673569668e+01 2.897322222538617709e+01
1.138050922048966740e+01 3.427634966668702532e+01 2.233004659890310251e+01
4.594531742658706008e+01 1.470907474686376659e+01 3.254802876695116254e+01
4.920151569014286252e+01 9.472100621825799038e+00 3.368480270869874715e+01
3.868657076994832522e+01 1.253379142011297276e+01 3.086416191642150508e+01
5.094635220358294703e+01 2.342352683917964029e+01 2.369345121130498910e+01
5.189141001840158651e+01 1.519151010498801568e+01 2.368735430103680173e+01
4.722404258038386615e+01 2.661373074115140014e+01 2.191977798714330206e+01
3.703541233491434070e+01 1.270717092263946668e+01 3.338816339675130962e+01
1.394518187264139542e+01 3.034513118634119522e+01 3.266104933815344680e+01
1.628215382068823303e+01 5.154389708056301345e+01 3.739358599353874979e+01
2.448778982466368959e+01 1.727965876837680881e+01 4.244123058387480540e+01
4.601689732570341107e+01 3.010834380665764343e+01 2.329695565655389089e+01
1.351634119592586103e+01 3.413597252644445490e+01 2.253907185721812567e+01
4.679494209956590112e+01 8.715632964508476022e+00 2.866813965966083799e+01
2.336991922216531492e+01 1.134994576247467890e+01 2.737951130597722482e+01
1.425811056834819901e+01 5.122977956874350980e+01 3.070270917164005198e+01
3.685683090772771919e+01 3.091658300060590747e+01 2.305557707390028810e+01
2.810660452279466170e+01 3.762886073183239688e+01 3.253231383844580193e+01
3.104706362588815338e+01 2.225787174568315052e+01 2.023646401028270247e+01
4.995206433870409768e+01 1.379293490240088715e+01 2.986229234575234415e+01
2.997580626600043274e+01 1.637350800701334919e+01 2.095520690815975939e+01
2.852278857860926919e+01 1.980379553629170175e+01 2.023807203084896500e+01
1.564300898050545641e+01 3.078898601404086577e+01 2.881573696831815568e+01
1.847472803355445947e+01 3.156978772216960749e+01 2.762739172550278255e+01
6.720124165307755248e+00 3.531038599696042724e+01 2.774225236308766895e+01
5.063252412505657674e+01 1.544957361205040414e+01 2.974870866458142871e+01
2.560776490804900618e+01 3.688876261644194443e+01 3.618447104291431060e+01
1.880918138694452324e+01 5.337212384212070049e+01 2.806903655329027458e+01
4.037428481334855235e+01 3.487886185860703137e+01 3.051121716312739096e+01
4.686780580466402313e+01 7.510422686051782648e+00 3.866085888852555286e+01
3.270554450888818110e+01 1.469271561891816802e+01 3.521064267015624694e+01
4.906928556434716171e+01 1.512311768925415478e+01 3.031068947241887201e+01
1.889058806992422035e+01 2.723413839768574718e+01 3.014677075874569567e+01
2.183382710968038865e+01 4.652961728289903931e+01 4.034469662366168308e+01
2.120088816968173973e+01 3.662963326829910216e+01 3.902010747788907707e+01
5.342219614028005026e+01 2.816813235033554719e+01 3.368394544081012043e+01
1.938907137516257961e+01 5.184272925237327456e+01 3.640024429356100200e+01
4.716266580235731709e+01 3.381227354626758341e+01 3.419887588846673054e+01
5.256006005094293698e+01 2.397942342386930648e+01 2.604783815151855819e+01
3.910046907079599521e+01 2.722821880842852948e+01 2.129554484611444209e+01
9.652918530987605550e+00 4.332168643965077592e+01 3.109387272350975451e+01
2.095406259682869177e+01 3.641300439104550435e+01 2.409350417051761539e+01
9.229989258957573384e+00 4.231919364719302479e+01 3.203029543859639716e+01
2.303953736754585080e+01 2.696391819896647135e+01 2.325000526577946403e+01
5.297452948196060163e+01 2.654360597062214566e+01 3.597938575399315653e+01
3.616937172463708805e+01 1.273417976011486275e+01 3.188945273914661271e+01
5.369836047519331146e+01 2.587044415977863210e+01 3.465400797545121492e+01
1.110961288894297461e+01 3.250301809319000768e+01 3.947813812559172675e+01
1.123761730042976481e+01 4.751015406911872674e+01 3.191880413249824144e+01
1.639984566542178612e+01 4.946522590726058155e+01 3.793235756892136123e+01
1.192769820456914154e+01 4.399924994309027682e+01 3.890455008748257626e+01
3.037995238064387848e+01 1.765245469837000769e+01 4.232708267593495322e+01
2.481169595164554309e+01 1.405793100457758271e+01 2.048785498707271913e+01
2.465412950495787214e+01 8.167109950666240792e+00 2.351220156905295156e+01
2.353498449630405531e+01 1.041568879773243239e+01 2.729035313842363308e+01
2.245815303553147402e+01 3.816524873106851601e+01 2.408236927919332260e+01
3.630541859380269898e+01 2.823465613827037757e+01 2.148113109293707623e+01
4.342607373885103073e+01 2.549258447365458835e+01 4.176357457113022065e+01
5.273643999547194738e+01 2.068948687570247102e+01 2.783113812445539992e+01
2.624038935548655616e+01 3.848482585776337572e+01 3.580748677970844085e+01
3.235129387041188664e+01 3.487135103376473211e+01 3.831728927513002247e+01
4.910712774814624026e+01 1.434550660425702162e+01 3.016068269246430944e+01
2.784183129204145501e+01 2.650993305454887405e+01 2.078927885162231348e+01
1.475606464127191941e+01 4.698127337262717163e+01 3.923156358511457853e+01
2.760157112821958947e+01 2.439484796076778039e+01 4.239816100319774250e+01
1.869036927084698618e+01 5.465197924202671231e+01 2.716292512057366793e+01
3.090833740397957285e+01 1.088333834079912776e+01 2.673235016465118008e+01
2.336148980712229672e+01 1.662811740145575712e+01 4.177463351742039777e+01
1.094743466453549985e+01 3.291110475328849105e+01 3.988086135407463928e+01
2.195384668919351157e+01 1.975319061172454127e+01 2.485976133590515502e+01
2.552590729115380697e+01 2.503676033007559809e+01 4.169662018468713427e+01
1.588762000790387674e+01 4.719418765257025683e+01 2.144485585379993253e+01
1.499572140222723959e+01 5.149007912676434273e+01 3.047436481598247582e+01
5.128832595111985171e+01 3.154816062710769131e+01 3.151801786764021074e+01
2.703026690303753909e+01 1.694549398627391668e+01 4.283029799244226865e+01
3.189225769121193821e+01 1.547993703129125187e+01 4.047445389404477822e+01
1.282379148474071151e+01 4.622603955067063453e+01 2.420120056415451160e+01
2.882978682926177427e+01 2.994202036251308385e+01 4.101789903555187777e+01
2.351668995386497585e+01 3.105327778972812069e+01 2.525396633467761376e+01
3.966818411777234132e+01 1.373000615935882962e+01 3.611753341158646435e+01
1.055730856259280159e+01 4.534975727922703470e+01 2.806176558711762326e+01
5.094134404555092033e+01 1.294628019444632727e+01 2.234045475519895518e+01
3.382537696245921666e+01 2.422647810415969616e+01 2.027948308784926823e+01
3.100310151546396753e+01 1.932591706304580370e+01 2.046362020890601485e+01
9.894242127005750120e+00 3.928258502532505503e+01 3.990514161741997157e+01
4.424976997518093924e+01 1.227513936186310595e+01 3.547763836954649719e+01
2.509106578680788857e+01 2.624994205262900238e+01 4.129775949805958390e+01
2.210462784672704117e+01 1.367187020428876565e+01 3.782714333287447772e+01
1.201795665857408757e+01 4.830181653176675383e+01 3.546527017563789741e+01
2.243794515967891456e+01 1.894992189341861888e+01 3.390888401264436425e+01
1.412193458226635912e+01 3.075284254654675919e+01 2.750189679799954590e+01
2.044540193750522405e+01 3.238517415721046433e+01 3.627557485528780035e+01
4.706738542454568375e+01 1.532247401129306397e+01 3.143265066191319690e+01
2.305701988145828807e+01 9.119848076766402301e+00 2.460244179396923414e+01
3.118166590072589628e+01 2.154794433354659589e+01 4.275681214835287847e+01
3.626375044960640537e+01 3.597882405416097384e+01 3.463189607795025182e+01
2.426109450468302242e+01 2.871717719093648213e+01 3.978104473829022680e+01
3.377599175573259060e+01 1.362631448673201184e+01 3.088570855993693343e+01
2.854973796110648010e+01 3.376714390764202278e+01 3.888771245204149807e+01
5.401023734763456474e+01 2.540877848868328570e+01 3.377722668102721570e+01
1.757602426069744794e+01 4.613026847703651612e+01 1.994328076944774963e+01
2.700091510122032901e+01 8.115730233357888679e+00 3.496811271146218303e+01
4.947207196721970490e+01 1.039023249118804593e+01 2.951725519455881397e+01
2.672082808238335261e+01 2.424514746342739357e+01 2.076345450546163107e+01
3.345731625939885134e+01 2.873062665147073957e+01 2.134762434362065875e+01
5.387531394173153387e+01 2.512255814141489196e+01 2.912206832597605199e+01
4.606340520430899232e+01 1.477804770533212420e+01 3.064964532392664154e+01
1.037908691050632370e+01 4.508102670001616019e+01 3.385035897122014603e+01
1.373002434978254627e+01 3.042467038272990720e+01 3.403680591610153527e+01
3.350097421452110069e+01 3.270500258352670642e+01 2.349296839901264633e+01
2.186663987567128942e+01 2.542457411675470169e+01 3.862666194410149245e+01
4.554579521657328911e+01 1.149712331458809800e+01 4.051118157218818538e+01
4.348314935826055461e+01 1.336025695949860825e+01 2.613831418477082025e+01
2.893093209978414393e+01 1.456571478121538732e+01 2.872776037386655190e+01
2.677254480888758792e+01 3.473047140699504354e+01 3.743952051323626051e+01
1.829119098973704638e+01 5.507533544029305972e+01 2.607596042336616193e+01
2.243557763215370215e+01 4.958356962773356713e+01 3.249616858771250349e+01
1.547670098263168370e+01 3.308217270089759410e+01 3.934473430909036296e+01
2.214821546718619061e+01 1.937133256362901434e+01 2.787548677794322316e+01
1.931213544415548711e+01 4.441320117329335204e+01 2.158940837632230370e+01
3.022007366591360267e+01 3.451629270019154205e+01 2.421418889119637186e+01
4.012373721608108212e+01 3.022877528563574145e+01 3.981569322070507155e+01
3.632253821391878290e+01 1.735585923422358690e+01 2.160312450319285915e+01
1.966016479430373565e+01 3.485033418205169653e+01 3.877746440773354664e+01
2.255770895926704611e+01 1.021396793668376546e+01 2.473113899190181186e+01
3.188735390533759784e+01 3.748357580350758411e+01 3.130771609847142045e+01
1.509909315749340664e+01 4.968290567095579036e+01 2.561545428017269899e+01
1.167863999522267093e+01 3.133937812063969730e+01 2.566503798186154839e+01
3.064149142142114002e+01 8.794493435856010066e+00 2.512033241151512186e+01
1.640071733882480842e+01 3.117833013637150685e+01 2.782728798475923071e+01
5.066519193758959716e+01 1.918471883535294253e+01 2.264650947903882283e+01
2.624255830931029010e+01 4.508447734957130137e+01 3.175464013598448076e+01
3.048047014259088883e+01 2.538862998472432864e+01 4.264542933380689504e+01
2.898679720628700451e+01 9.063016604902758289e+00 2.795032359251825227e+01
1.030771259296784947e+01 4.143624004629387514e+01 2.414770400392986716e+01
2.856142254296549865e+01 2.460368246482584098e+01 2.043786165312397429e+01
1.577591976229402349e+01 3.488961003601684752e+01 2.269979218139522814e+01
3.688803809651117405e+01 1.396576036513853936e+01 3.696292396798192925e+01
4.273942259277680478e+01 3.474196650039255729e+01 3.030592316454759683e+01
1.129072463330591169e+01 3.104926258098594261e+01 3.639326092218099973e+01
5.373820720021299735e+01 2.279486258107037600e+01 3.230665096950225745e+01
2.831620177072385758e+01 2.185814973648405868e+01 4.264302088348637909e+01
1.863411138006108914e+01 3.110724277990690112e+01 3.479748053144866304e+01
2.219152146683760662e+01 3.444530472150008649e+01 3.719229003941784839e+01
3.691127464703068739e+01 1.260691032509070197e+01 3.165091957316750282e+01
4.111665605756665798e+01 2.922737134669239722e+01 4.046002277929440538e+01
2.213095708728105393e+01 1.766139268487054181e+01 2.381520100346100577e+01
4.821497251246771754e+01 3.369771164875273683e+01 3.050671787824627756e+01
4.728157472047493570e+01 1.258904694206368546e+01 2.980999861209300406e+01
4.327066454967120279e+01 2.066193080000066473e+01 4.180529232442347620e+01
2.660064572975704067e+01 4.415782318461976530e+01 3.223522397710274845e+01
1.668281778242222302e+01 4.860643848886667939e+01 4.229018953385728707e+01
4.753830271013502085e+01 7.616549369367342948e+00 3.498296347893187885e+01
3.166391463961383579e+01 1.384361598313716435e+01 3.976844273911402183e+01
4.176500607254584452e+01 1.476162794818349155e+01 3.725218991692865700e+01
3.146213586530530648e+01 1.188111976136945991e+01 2.545587534700356258e+01
2.724889014408712029e+01 2.976282548650662818e+01 2.208071694567752985e+01
2.893388375853159289e+01 3.736706425584870317e+01 3.458990680356455982e+01
9.096575517253253196e+00 3.189695093677728721e+01 2.938965575658252760e+01
1.069205601627664848e+01 3.111326817471069361e+01 2.859452892261016643e+01
1.685433208698626117e+01 4.330181182126929684e+01 3.982569351421062009e+01
3.200348135062933608e+01 3.667445455498720008e+01 2.634678197217281692e+01
9.486673266073841759e+00 4.249136385359839352e+01 3.499821068230202314e+01
2.656624285216550163e+01 3.911976491524214339e+01 3.537141838990399378e+01
3.841580748873013818e+01 3.539805690879581590e+01 2.989258598246579623e+01
1.940346040751531120e+01 2.362317491896075339e+01 3.244219327928161078e+01
1.707741126484390293e+01 3.075339764223488714e+01 3.291595854662688225e+01
2.137838591783827269e+01 4.766479329977302370e+01 3.961593922132482248e+01
1.041813999433384552e+01 4.530719883976542661e+01 2.950914463133097243e+01
2.172117572695477605e+01 4.835006287790891122e+01 2.756933789146368241e+01
2.920297855897032946e+01 8.779389496666535564e+00 2.750396769600299507e+01
2.224957206400792842e+01 4.495402136044353369e+01 2.390419387685886576e+01
3.213490918757749171e+01 1.700271578645978821e+01 4.160125254934810357e+01
4.545666992668137141e+01 8.380499065471317621e+00 3.863949519043588055e+01
1.857623225997784999e+01 3.416051239327894251e+01 3.886086313205514386e+01
5.170868645076924253e+01 3.031004497632491024e+01 3.431699762633139983e+01
4.407809914337137513e+01 1.062731491064921840e+01 2.506063117262540274e+01
3.631276331816923175e+01 1.843439179622872004e+01 4.210646228260729629e+01
4.078553914392615098e+01 1.705012983829332285e+01 2.210586589734962359e+01
3.194511177124154599e+01 1.868321430802732408e+01 4.231486677226681081e+01
2.409681599031448940e+01 4.075981446542408548e+01 3.841115998833062406e+01
3.380546313163928573e+01 3.599308708287789926e+01 3.675641303574674623e+01
1.520259338989867715e+01 3.883191063452565572e+01 4.088631926325562915e+01
4.623967945366318588e+01 7.897644088477031588e+00 2.749461255034159279e+01
3.544659220571043079e+01 2.976219982023703992e+01 2.212380065662036088e+01
2.618933558648114968e+01 8.603743346932677838e+00 2.810867220080108098e+01
4.707998956309511129e+01 2.271475284855716126e+01 2.162216415603323938e+01
1.390144409415734827e+01 4.971130527539689581e+01 2.623217908954651989e+01
1.731296764470973670e+01 4.763407223900374277e+01 1.927885205804574298e+01
1.372608547857517536e+01 4.213512771661439160e+01 2.301898326890356117e+01
3.763496902781457720e+01 3.094583614749692302e+01 2.321107984397138679e+01
3.257255357917925664e+01 2.981350173016916472e+01 2.180508183001618505e+01
4.389263341195615453e+01 3.472775669893356820e+01 3.009653925843218758e+01
5.052667788493594969e+01 1.680602082705967248e+01 4.082416398879369979e+01
9.090133424125358630e+00 3.198519094189341772e+01 2.855359046108797472e+01
2.260688142106525333e+01 1.868989784859023118e+01 3.118660127791030234e+01
3.783935716647496861e+01 3.558065005508943557e+01 2.953684113927965171e+01
5.046541726410418249e+01 3.086487148260364677e+01 2.678797592172977104e+01
7.944097706929969860e+00 4.020565176614814362e+01 2.849488123574021259e+01
2.388875973291427002e+01 3.873790981815593426e+01 2.473887874693532041e+01
5.213334071627429012e+01 1.621012889756690356e+01 3.506015771640027623e+01
2.601870199491353475e+01 9.957296700514829624e+00 2.121536513169373350e+01
1.620591206862179234e+01 3.985261856991463247e+01 4.063644311659457742e+01
4.425102267286639091e+01 1.432992534912887628e+01 2.993816529365095391e+01
3.348108239202868219e+01 3.717766061502789654e+01 3.289713288593108587e+01
1.170568794270588597e+01 4.832073216180518926e+01 3.330715701820055585e+01
4.734895300091001502e+01 1.195376406806385106e+01 4.129151480916888772e+01
5.168314570738898794e+01 3.070121221895662345e+01 2.920654962312222480e+01
5.275221988212869917e+01 1.999094568788996185e+01 3.037995390854175781e+01
5.069361091265274410e+01 8.116914095465201484e+00 2.735040889603305914e+01
2.030830060200822373e+01 4.921824953363881150e+01 3.753519328840700098e+01
3.599669790375779144e+01 1.727550237214485307e+01 2.163895761784058536e+01
2.708103842796854366e+01 1.549507316379015265e+01 3.279768356287651443e+01
4.869230387884807243e+01 3.147886678942893468e+01 3.701696592644294981e+01
5.011387749087428745e+01 1.949647969332875519e+01 2.231357906332514318e+01
2.724031064897336307e+01 2.412278615893345801e+01 2.064077160374102959e+01
4.223399870779324061e+01 1.684779770257857479e+01 4.097329606903586807e+01
2.817201820387898792e+01 2.950382210709883424e+01 2.175825134826673235e+01
3.446273480066879813e+01 2.821838365032667895e+01 2.121922960435664152e+01
2.122057658457166696e+01 4.765079661061638916e+01 4.332597775419299069e+01
5.221304547607913094e+01 2.891026378378584383e+01 3.536250462457336852e+01
2.952703327517771470e+01 3.436158441796430196e+01 2.417450216857471545e+01
1.978811029445891378e+01 2.241252136802548378e+01 3.196742394913148999e+01
5.028378826777431243e+01 1.841360105904936262e+01 4.071578334073814176e+01
3.163323512627739476e+01 1.345272179946772084e+01 3.739406975256842713e+01
3.129833111148588287e+01 1.067304004401242956e+01 2.457034573488339291e+01
3.589224668949841401e+01 2.938071866995136361e+01 4.092066788556589785e+01
1.049684273225095765e+01 3.318710321175849032e+01 2.338838582212317618e+01
3.290496754439663363e+01 2.897155665099331756e+01 2.140453907940600331e+01
3.130663223901956371e+01 1.360520008604447639e+01 4.049277237668680840e+01
8.497497116764973768e+00 3.470467095204708130e+01 3.967535012158501928e+01
2.765084646898217358e+01 9.431164459338837958e+00 3.445429414205177920e+01
2.593932655536123022e+01 4.519507011396702723e+01 3.296351331908736881e+01
5.108378322252313808e+01 1.527167172469776624e+01 2.254821202930122581e+01
1.959772643032560779e+01 5.129481728251090544e+01 3.189358365362897985e+01
1.461226857424726333e+01 3.596198858314884461e+01 2.200920510491376092e+01
3.254784211770611790e+01 2.630938496156054640e+01 4.242534431821714946e+01
5.139856291264226940e+01 1.030239442256442928e+01 3.468723716785702038e+01
2.997988083857055841e+01 1.284224793922777330e+01 4.164261974266023003e+01
2.735670671615449479e+01 1.949236597691968953e+01 2.024073828426506338e+01
3.445420034934942066e+01 2.857843561354832929e+01 2.137066313523175509e+01
5.237791893653376718e+01 1.105440050796485885e+01 2.611513712809929899e+01
1.646434908026342825e+01 5.175561491223609778e+01 2.876539977358923750e+01
6.975782410936052003e+00 3.423909105520967699e+01 3.416907159971668762e+01
4.856601597028042505e+01 1.009195481299548725e+01 2.224272390434957813e+01
4.243257689620637763e+01 1.374492586710292308e+01 2.956245043207035650e+01
1.404470894350268573e+01 3.201925644465833898e+01 2.441882220753630151e+01
2.787017786297749922e+01 1.732044560286279022e+01 4.277209419130736734e+01
2.883185059646806891e+01 3.108519838846456196e+01 4.046944051453393598e+01
4.748071363944853829e+01 9.603726678581418597e+00 4.063353864266325388e+01
4.983446537434273438e+01 8.652297020872584454e+00 3.424590071284399073e+01
5.245137423350678318e+01 1.887974843501209321e+01 3.546187463034797815e+01
2.202071486208212647e+01 3.451647124369453934e+01 3.731751892141036819e+01
1.783507408402780214e+01 4.872568337610051259e+01 4.386978206063025709e+01
5.230869359854733602e+01 2.974803004007225837e+01 2.909392984799397297e+01
3.712212524477124020e+01 3.588559871634710419e+01 3.278488419827541378e+01
2.220805028243666968e+01 1.211185403098609115e+01 3.893563985848800968e+01
5.304569281282346083e+01 2.067315973620857150e+01 3.146609419057663359e+01
1.717289661651380683e+01 3.802674255639986001e+01 4.071238345713717877e+01
5.084360381880165392e+01 7.802532887905571535e+00 3.763399870016364446e+01
4.320774714679113515e+01 3.477836970851419807e+01 3.066930309899206364e+01
1.768078256974378348e+01 4.261903354101949049e+01 2.308296471127591332e+01
2.327841775786072276e+01 4.232019333619490453e+01 3.849319113144844096e+01
4.751376181846262625e+01 1.267560880884874663e+01 3.314480283196721899e+01
2.146723905314235026e+01 2.005965318376327033e+01 3.368215902492465830e+01
2.749941499074739326e+01 3.005285904597869617e+01 2.216275874197124196e+01
1.649090392965746332e+01 4.552604819107650513e+01 2.268704046408255337e+01
4.833745592305000116e+01 1.384681378412362562e+01 3.286522325599840855e+01
2.074410877907690676e+01 2.088327339201380894e+01 3.010533610063236054e+01
3.073157082453708000e+01 3.747003098569746271e+01 3.317563589433316196e+01
4.686363829856643548e+01 1.259305878412529722e+01 2.180626739822690041e+01
1.106840641121528002e+01 4.710357255634277607e+01 3.245708086619602284e+01
3.665787803853298499e+01 2.536360476081480897e+01 4.229360891069058681e+01
4.923710920607940977e+01 2.329266728626392791e+01 4.058096869592394285e+01
7.024737902743812157e+00 3.401818621792439501e+01 3.297968535095109388e+01
2.320987743582547580e+01 9.013096899456186861e+00 2.558858481260487494e+01
1.586075926934910107e+01 3.081998538971309998e+01 2.893503195085648727e+01
4.851918766090287249e+01 2.045778436925314736e+01 2.183891134179402727e+01
1.791001287376515805e+01 5.428777319033259374e+01 3.519289724206195302e+01
4.871329608607191375e+01 1.825146951689321995e+01 2.158291596686364855e+01
5.151277621473528257e+01 1.449796126885421543e+01 4.003777917730275959e+01
2.293601938576671984e+01 2.127304449528126185e+01 4.076617293291408828e+01
3.131436472972499985e+01 3.696178908765870119e+01 3.593327613728840220e+01
1.864339112372296725e+01 2.785580727917330890e+01 3.106490610962372045e+01
2.274819424081636043e+01 1.848906529380296604e+01 2.214525588355217423e+01
2.138190941974480097e+01 4.124286970004423836e+01 2.346794005116445803e+01
5.297009492879305270e+01 2.134059671658418367e+01 2.840487772942709910e+01
2.748295716129427291e+01 4.134715993487365182e+01 3.202446257797685547e+01
5.143950216734035763e+01 9.400291996350173207e+00 2.416564773102049202e+01
3.871257016524301520e+01 1.553726429324942160e+01 2.423122279199236218e+01
2.938396607434722796e+01 1.950756389059804974e+01 2.028013792496488321e+01
1.601163976832837577e+01 4.575171078849538731e+01 4.066709936106973089e+01
1.979716155675302147e+01 2.498032329404089680e+01 2.808033319982108367e+01
1.919344591939726286e+01 2.556577882036920712e+01 3.312441713905482743e+01
3.239449183527631249e+01 2.766854541925259525e+01 2.091084285237852569e+01
2.032672746250237239e+01 2.188883549080878765e+01 3.405376343566155128e+01
2.266194565411705852e+01 1.370947286170538604e+01 2.685689419311360737e+01
1.973578960722276321e+01 4.974101575146242027e+01 2.531795494431421645e+01
1.116585407623166404e+01 3.079527164920549609e+01 3.134971415332641342e+01
2.356963363009582579e+01 1.796565381239492964e+01 3.001436502403686646e+01
1.918423718512758214e+01 5.388967413913789528e+01 3.624273715739404622e+01
4.078670079419983807e+01 2.402792960431680314e+01 4.213438041958728775e+01
1.223617674266151667e+01 3.703948579414790032e+01 2.184445508777402623e+01
1.336925658127543315e+01 3.738906382768547587e+01 4.116639568214231559e+01
1.186558792241089577e+01 4.098733518249155594e+01 3.985634726601927724e+01
4.451614717802851118e+01 9.089078985885143069e+00 2.629558692119952923e+01
4.396836325323977235e+01 1.627551307640095857e+01 2.217833752468425246e+01
2.715781586052348828e+01 1.362267028731444896e+01 4.271808398890654956e+01
3.255634893533688512e+01 3.309906220938094634e+01 3.936079855499579594e+01
5.125716371774131375e+01 2.504105238344435591e+01 3.886179181316153830e+01
2.085078719762246635e+01 4.849154758587287972e+01 4.196507563965678855e+01
7.692590154318573070e+00 3.819029855133130980e+01 3.837949538379342584e+01
2.053210521450908033e+01 4.931374940202629631e+01 2.625793741764127986e+01
2.868243570393847364e+01 7.762846975359863677e+00 2.650664172342904124e+01
8.401738705916798722e+00 3.329176504365646849e+01 2.515057585724323985e+01
2.725759395299223442e+01 3.244113615489904845e+01 3.921593617257767761e+01
2.249473946608394570e+01 4.566449991953608389e+01 3.764852488150069121e+01
3.719308544547806861e+01 3.584501509928426799e+01 3.301102417591784643e+01
2.609734672303958547e+01 3.930833298839242929e+01 3.638373670620624978e+01
1.646100921448816479e+01 3.606979341912502690e+01 2.239631163473669062e+01
2.901093317744384237e+01 2.109364217825423182e+01 2.028453152714181584e+01
4.733241494009914874e+01 1.108033113072794507e+01 3.328438722268055727e+01
1.403362887485690003e+01 5.063236230665387438e+01 2.782341866149466370e+01
5.268060943589179601e+01 2.309472140192668022e+01 3.665186211063013388e+01
3.471306684515545982e+01 2.299209854428288580e+01 4.270790676798705476e+01
1.269180221693220645e+01 3.798949943779277305e+01 2.195643195106735845e+01
3.063017004872712690e+01 2.163217134260056440e+01 2.025994331188682906e+01
4.668795061094501619e+01 1.393185555214422955e+01 2.169858468487878156e+01
3.962075982036429167e+01 1.283476217970311595e+01 3.353698236510582831e+01
2.368444298133437798e+01 2.413658475128684699e+01 4.082119880787096378e+01
1.852356178146847299e+01 3.297274219899899350e+01 2.559560661474331766e+01
1.957159845946233290e+01 2.343310066140941572e+01 3.328120985054638936e+01
3.821210226726113035e+01 3.152812446624542986e+01 3.903017039394300269e+01
4.683642759464585481e+01 2.467909444030342314e+01 4.142270426121734772e+01
1.846792271975494870e+01 5.449653198069901094e+01 3.715255908242820482e+01
3.558141628934016154e+01 1.751647644375367463e+01 4.173682388394984599e+01
1.443667842868990192e+01 5.087448087114631079e+01 2.817113347274174373e+01
1.335156902371070586e+01 3.565775231482729879e+01 4.117839343722960166e+01
2.041870168228765436e+01 2.933631961842041846e+01 3.536852471846486168e+01
1.929346073863353439e+01 3.253115832850249234e+01 3.665899902294910362e+01
2.322885101112516537e+01 4.566996260780752692e+01 3.638035661465394099e+01
3.458450096407632657e+01 1.526043973436385670e+01 3.820888970069047730e+01
2.704267267870655544e+01 1.519345995277693007e+01 4.282904024704825474e+01
2.367926166079250194e+01 3.399339552616739724e+01 3.680395472351506214e+01
1.600528693475461850e+01 3.294518639806229032e+01 3.899234072431089260e+01
1.264378835071882179e+01 3.534941127103445524e+01 4.117233714255207389e+01
2.806337075868339070e+01 1.186219480870162180e+01 4.231916702365023752e+01
1.481176415280215508e+01 3.135919343047302021e+01 3.740605446321944072e+01
4.307478754625972783e+01 2.759645992807949355e+01 2.170743238575403211e+01
4.751614036435856292e+01 6.966114996039424412e+00 3.666710146445690555e+01
3.896228777460096637e+01 3.470338011208439610e+01 2.782430329469750063e+01
4.812316952787649171e+01 7.476622542991151477e+00 2.767489751276122334e+01
3.764888485331584889e+01 2.178253196234368971e+01 4.238222800739215756e+01
4.838741647039254445e+01 2.251557957927904852e+01 4.099805067937018066e+01
4.246108047376498007e+01 1.498804989200982263e+01 3.871683422374773897e+01
1.918272120801100300e+01 4.814106878626522246e+01 1.814439192231450093e+01
1.807024347956661714e+01 3.687598674817425604e+01 4.040352050970480491e+01
2.808471083711708616e+01 3.485468244737616317e+01 3.790377139553154251e+01
2.244270709784032292e+01 3.375330830374208091e+01 2.623962374470030312e+01
8.239503002199388249e+00 3.298548663184265450e+01 3.725914291999414729e+01
2.131899497970935897e+01 5.060306180059130554e+01 3.106260852926975957e+01
3.295071942196727832e+01 2.446117350040064764e+01 2.026376117476820582e+01
4.599626631000161581e+01 1.468910570496795032e+01 3.028395303800627048e+01
2.463662316473246960e+01 3.880950472209303825e+01 2.526731965493706156e+01
4.548776486299379940e+01 7.993087911053624595e+00 3.821740150326118624e+01
5.276840608446816105e+01 2.086538342973451776e+01 2.782844157892586168e+01
2.626437811816694534e+01 3.907124826324029954e+01 2.702147020485559281e+01
4.381105646508991214e+01 3.204605169959135225e+01 2.468250888905666329e+01
3.454908572890115437e+01 3.367044069432294151e+01 2.427772489061560535e+01
1.630500750622106310e+01 5.303454299097578684e+01 2.526255877031212194e+01
2.716350628677898271e+01 7.303684705859105009e+00 2.437285411549746073e+01
9.447219284786335436e+00 3.161033362735499352e+01 3.251009379145037315e+01
6.357830388036689762e+00 3.623004608346121103e+01 3.268669903796074294e+01
4.487851997894567546e+01 1.081134112962618588e+01 3.479932474903350226e+01
4.445653617146808045e+01 2.283486584970606259e+01 4.181525052388250430e+01
2.682124426017368179e+01 2.548833165128412048e+01 4.206881136675733757e+01
2.644504551842343787e+01 2.970201788491540640e+01 4.051106328252167543e+01
2.151966738824982173e+01 2.376399432601826334e+01 2.469543468403828967e+01
5.243167101703570410e+01 1.240816534298105189e+01 3.664103032932531079e+01
2.622155358739755115e+01 1.166015718546330504e+01 3.399795870234276407e+01
2.750212147154910980e+01 1.401338408933342983e+01 3.398496490967535522e+01
4.274456280156379506e+01 2.107230559689103444e+01 4.185390625135050158e+01
1.683457964939425722e+01 5.163252960364013688e+01 3.249501057601160880e+01
1.371722683267307374e+01 4.952976630988055007e+01 3.661735479530260307e+01
2.899606733417408932e+01 3.046771134320318453e+01 4.079534254748109845e+01
4.690246431263795301e+01 3.402600401544129483e+01 3.378745118860273777e+01
2.319016343346000042e+01 2.723989762777038237e+01 3.965002612275564076e+01
1.649027480176625104e+01 5.159483714413022426e+01 3.407829447131969403e+01
2.455326274558124311e+01 3.094020250918512005e+01 3.846781275675237310e+01
2.813027204981023743e+01 2.356340865800604689e+01 4.254765583746767277e+01
4.405427910870318442e+01 2.673652312362384365e+01 2.150572156810375546e+01
3.138330590098802020e+01 3.745861845722054539e+01 3.280483492978143545e+01
2.333613731118927603e+01 1.297971681151112300e+01 2.763607569567454902e+01
3.016396239093069909e+01 1.343635360945203239e+01 2.780096211798037231e+01
1.348583172871828850e+01 3.117649247908493848e+01 2.591759281888601762e+01
4.418900222749215345e+01 1.241133489630415276e+01 3.553712068193537732e+01
