1.390185589822936940e+01
3.320038164589476093e+00
2.828425583851442049e+00
2.698215787108655395e+00
2.634642617877129833e+00
2.587504597648399240e+00
2.544775508973378120e+00
2.503084478885765574e+00
2.461397502103139789e+00
2.419375746093730850e+00
2.376902171028790978e+00
2.333936944903596711e+00
2.290471835337894113e+00
2.246515492737266584e+00
2.202088499777795860e+00
2.157221458275194514e+00
2.111953944715827980e+00
2.066333641275504451e+00
2.020415435202806087e+00
1.974260443008589494e+00
1.927934972173048322e+00
1.881509451865535532e+00
1.835057368276628242e+00
1.788654237371559708e+00
1.742376641355136035e+00
1.696301346728723125e+00
1.650504512959266368e+00
1.605060992670194642e+00
1.560043717813462960e+00
1.515523162036678029e+00
1.471566867579241489e+00
1.428239025328380318e+00
1.385600098686702752e+00
1.343706485036691545e+00
1.302610212176428695e+00
1.262358670535015159e+00
1.222994384766534992e+00
1.184554830141829385e+00
1.147072299859529076e+00
1.110573829000450541e+00
1.075081179508166729e+00
1.040610888543483714e+00
1.007174380129436386e+00
9.747781374765396301e-01
9.434239310216107066e-01
9.131090952341098799e-01
8.838268457757757490e-01
8.555666277032197842e-01
8.283144850747982124e-01
8.020534425074744567e-01
2.675770007982994358e-02
